260012183
260012516
260012967
260013300
260114198
260114933
260143593
260311012
260320516
260321915
260335553
261109295
261110097
261110970
261111806
261371971
261932861
261933308
261933721
261934197
261934894
261935359
261935835
261937448
261938310
261939186
261940482
261941243
262533981
262534580
262534968
262535468
262882942
262893914
262895018
262895844
263321290
263321971
263329718
263385961
263387747
263389426
263390226
263953514
263955715
267318632
267320160
267743725
267829672
268334034
269313207
269313794
269314336
269314801
269315304
269315566
269315772
269316064
269316293
269316603
269347676
269349022
269350165
269350817
269387093
269387840
